8.500000000000000000e+01
9.500000000000000000e+01
8.200000000000000000e+01
8.500000000000000000e+01
7.400000000000000000e+01
7.900000000000000000e+01
8.800000000000000000e+01
6.100000000000000000e+01
5.800000000000000000e+01
5.100000000000000000e+01
5.300000000000000000e+01
7.800000000000000000e+01
5.400000000000000000e+01
9.100000000000000000e+01
6.500000000000000000e+01
7.200000000000000000e+01
5.100000000000000000e+01
5.000000000000000000e+01
5.900000000000000000e+01
9.100000000000000000e+01
